state,2013,2014,2015,2016,2017,2018,2019,2020
Total,22770365.25,24830476.45,26959615.65,11176781.55,18557211.06,15985351.11,21402753.8,7940639.107
Alabama,559174.55,563878.45,582173.15,311431.85,410340.9015,197865.9386,528861.6443,292654.9418
Alaska,379581.45,461072.5,471367.75,172448.05,426093.0737,242771.3593,137672.7863,149780.1446
Arizona,411864,389114.65,401565.3,169628.45,173328.3031,452001.1205,140637.2529,180338.2293
Arkansas,245297.1,306843.5,356320.55,188792.45,152093.6159,220752.8114,323235.1896,105790.8094
California,1203427.1,1303045.75,1381484.95,546728.25,1337326.806,525532.5727,1348405.962,290824.8085
Colorado,558593.45,647222.25,731910.05,278349.65,300277.0551,473336.0582,706675.4374,328094.9722
Connecticut,91139.9,113099.95,144287.65,98781.45,28137.52899,60166.37117,73491.74423,51251.81225
Florida,821939.9,774253.55,923312.2,344539.15,481423.9716,459481.7067,1023110.639,319035.7065
Georgia,357112.3,343265.25,613129.5,225833.9,285968.7373,409466.661,358366.3996,116955.7942
Hawaii,42361,41736.95,55376.05,22478,42211.50887,25521.17327,23682.15933,7229.776965
Idaho,217693.4,273896.35,321533.2,97897.85,84647.15325,218146.8765,151237.6581,57788.03924
Illinois,547884.95,739481.3,638279.45,325431.35,228376.3386,327034.4478,214219.9383,283247.2285
Indiana,392835.25,484576.95,552850.85,215055.75,291129.8848,209624.939,247665.4662,130345.9787
Iowa,388610.95,472781,466580,235243,454184.8997,212778.3768,112068.0221,80436.36416
Kansas,468824.25,475852.55,519240.75,245898.45,516090.6694,123512.524,499977.5015,253163.9013
Kentucky,385769.6,376277,371460.5,136050.6,127364.1245,322152.6219,382665.7954,108934.1118
Louisiana,447629.35,487338.15,559811,215953.2,286412.6711,538881.7837,604446.8943,128193.549
Maine,206114.8,241120.1,282170.45,173674.6,213320.4152,241751.453,212499.7781,196588.9638
Maryland,278538,308313.1,346749.6,140934.6,285678.785,186875.5959,126029.1151,116774.5999
Massachusetts,349329.65,387096.95,435439.7,194425.35,313355.4665,454539.9251,237518.8797,81376.20048
Michigan,478820.25,510434.45,507616.55,263928.85,323377.4585,476712.108,514415.5956,110210.4169
Minnesota,692151,659334.4,829902.5,317188.2,670612.1499,498060.0662,312964.2048,68309.86766
Mississippi,174642.1,194117.4,195573.25,75531.4,132491.5432,141507.7562,181064.1827,85576.87342
Missouri,637682.25,662155.5,842181.55,301185.8,663849.6018,244905.3282,675816.7846,204103.2265
Montana,192671.15,252153,362809.8,140591.35,62498.9205,72667.22982,287055.0506,53820.2433
Nebraska,271666,280021.85,291542.85,124339.6,217217.9292,217585.4343,108442.0025,112332.7256
Nevada,136980.9,190173.55,224137.2,76005.65,140493.1317,43823.44459,202466.4272,31451.73373
New Hampshire,96210.45,108653.05,172306.05,87388,34281.46571,71695.9941,150346.3222,43780.58126
New Jersey,645548.85,783683.4,761290.6,291216.15,614592.729,763758.1671,558329.1272,67163.58037
New Mexico,633484.75,738751,635732.15,304934.6,716666.4994,172197.4273,668196.3768,226308.4592
New York,1182333.7,1244630.3,1320106,624867.7,1024069.932,920776.5196,1448668.814,716284.6468
North Carolina,594778.1,684025.7,681257.6,275295.5,351664.8939,644707.9754,772498.9165,262371.7213
North Dakota,352081.9,414434.5,398803.25,161192.3,313364.5174,233287.9712,418813.2945,94028.42759
Ohio,738205.2,743843.95,916254.05,386824,851465.5615,346175.6176,422364.6191,273471.5763
Oklahoma,537996.95,670793.6,770795.8,292648.5,116303.0024,465496.1717,552430.7067,100844.8699
Oregon,274433.6,307730.35,365717.55,173881.4,116878.0252,263204.6698,396698.1116,44785.34098
Pennsylvania,1321043.5,1472354.25,1482386.15,639354.1,876444.6471,853192.2468,1777690.165,433761.9954
Puerto Rico,326202.35,285117.1,341184.65,141165.75,365992.597,213249.76,190859.2021,162832.4125
South Carolina,528740.85,502422.85,652516.3,233410.45,428246.8972,112714.3583,760721.8774,70169.11206
South Dakota,303989,332165.55,331492.4,120427.3,225047.7674,127518.7877,95401.83303,123230.9435
Tennessee,179007.9,175926.25,186451.95,63256,98017.45092,54712.68271,41502.64717,40629.78395
Texas,1659951.7,1875040.45,1779110.45,651489.4,1790457.456,1604409.177,1694735.065,612253.4978
Utah,123379.35,181468.2,197479.9,87051.3,29533.68169,91033.53329,96049.71612,18507.88261
Vermont,171454.8,209147.65,187429.5,63752.7,186595.791,129991.0593,172672.3686,51971.4202
Virginia,350232.8,385397.3,317465.4,190061.25,331814.2402,203752.3268,195008.6865,189533.7242
Washington,600956.85,604299.25,663998.25,224469.35,268841.9427,457814.6753,233810.686,72055.72438
West Virginia,543811.4,507630.25,593467.95,212377.95,488460.4631,342323.9321,238579.8656,235428.3638
Wisconsin,425935.3,413872.3,547495.45,217155.9,408507.0538,195500.9949,598881.9246,85539.23415
Wyoming,240238.35,248418.8,246052.9,94199.15,269644.799,118363.3786,181781.9669,69054.7895
